3 17 55
3 18 55
3 19 55
3 20 55
3 21 55
3 22 55
3 23 55
3 24 55
3 25 55
3 26 55
3 27 55
3 28 55
3 29 55
3 30 55
3 32 55
3 33 55
3 34 55
3 35 55
3 36 55
3 37 55
3 38 55
3 39 55
3 40 55
3 41 55
3 42 55
3 43 55
3 44 55
3 45 55
3 46 55
3 47 55
3 48 55
3 49 55
3 50 55
3 51 55
3 52 55
3 53 55
3 54 55
3 55 55
3 56 55
3 57 55
3 58 55
3 59 55
3 60 55
3 61 55
3 62 55
3 63 55
3 64 55
3 65 55
3 66 55
3 67 55
3 68 55
3 69 55
3 70 55
3 71 55
3 72 55
3 73 55
3 74 55
3 75 55
3 76 55
3 77 55
3 78 55
3 79 55
3 80 55
3 81 55
3 82 55
3 83 55
3 84 55
3 85 55
3 86 55
3 87 55
3 88 55
3 89 55
3 90 55
3 91 55
3 92 55
3 93 55
3 94 55
3 95 55
3 96 55
3 97 55
3 98 55
3 99 55
3 100 55
3 101 55
3 102 55
3 103 55
3 104 55
3 105 55
3 106 55
3 107 55
3 108 55
3 109 55
3 110 55
3 111 55
3 112 55
3 113 55
F 16 55
C 16 56
C 16 57
C 16 58
C 16 59
C 16 60
C 16 61
C 16 62
C 16 63
C 16 64
C 16 65
C 16 66
C 16 67
C 16 68
C 16 69
C 16 70
C 16 71
C 16 72
C 16 73
C 16 74
C 16 75
C 16 76
C 16 77
C 16 78
C 16 79
C 16 80
C 16 81
C 16 82
C 16 83
C 16 84
C 16 85
C 16 86
C 16 87
C 16 88
C 16 89
C 16 90
F 16 91
3 17 91
3 18 91
3 19 91
3 20 91
3 21 91
3 22 91
3 23 91
3 24 91
3 25 91
3 26 91
3 27 91
3 28 91
3 29 91
3 30 91
3 31 91
3 32 91
3 33 91
3 34 91
3 35 91
3 36 91
3 37 91
3 38 91
3 39 91
3 40 91
3 41 91
3 42 91
3 43 91
3 44 91
3 45 91
3 46 91
3 47 91
3 48 91
3 49 91
3 50 91
3 51 91
3 52 91
3 53 91
3 54 91
3 55 91
3 56 91
3 57 91
3 58 91
3 59 91
3 60 91
3 61 91
3 62 91
3 63 91
3 64 91
3 65 91
3 66 91
3 67 91
3 68 91
3 69 91
3 70 91
3 71 91
3 72 91
3 73 91
3 74 91
3 75 91
3 76 91
3 77 91
3 78 91
3 79 91
3 80 91
3 81 91
3 82 91
3 83 91
3 84 91
3 85 91
3 86 91
3 87 91
3 88 91
3 89 91
3 90 91
3 91 91
3 92 91
3 93 91
3 94 91
3 95 91
3 96 91
3 97 91
3 98 91
3 99 91
3 100 91
3 101 91
3 102 91
3 103 91
3 104 91
3 105 91
3 106 91
3 107 91
3 108 91
3 109 91
3 110 91
3 111 91
3 112 91
3 113 91
3 114 91
3 115 91
3 116 91
3 117 91
3 118 91
3 119 91
3 120 91
3 121 91
3 122 91
3 123 91
3 124 91
3 125 91
3 126 91
3 127 91
3 128 91
3 129 91
3 130 91
3 131 91
3 132 91
3 133 91
3 134 91
F 135 91
C 135 45
C 135 46
C 135 47
C 135 48
C 135 49
C 135 50
C 135 51
C 135 52
C 135 53
C 135 54
C 135 55
C 135 56
C 135 57
C 135 58
C 135 59
C 135 60
C 135 61
C 135 62
C 135 63
C 135 64
C 135 65
C 135 66
C 135 67
C 135 68
C 135 69
C 135 70
C 135 71
C 135 72
C 135 73
C 135 74
C 135 75
C 135 76
C 135 77
C 135 78
C 135 79
C 135 80
C 135 81
C 135 82
C 135 83
C 135 84
C 135 85
C 135 86
C 135 87
C 135 88
C 135 89
C 135 90
