5 0 0
6 1 0
5 16 0
3 17 0
6 18 0
5 36 0
3 37 0
3 38 0
6 39 0
5 59 0
3 60 0
6 61 0
5 65 0
3 66 0
3 67 0
3 68 0
3 69 0
3 70 0
6 71 0
5 76 0
3 77 0
3 78 0
6 79 0
C 0 1
C 1 1
C 16 1
C 18 1
C 36 1
C 39 1
C 59 1
C 61 1
C 65 1
C 71 1
C 76 1
C 79 1
C 0 2
C 1 2
C 16 2
C 18 2
C 36 2
C 39 2
C 59 2
C 61 2
C 65 2
C 71 2
C 76 2
C 79 2
C 0 3
C 1 3
C 16 3
C 18 3
C 36 3
C 39 3
5 53 3
3 54 3
3 55 3
3 56 3
3 57 3
3 58 3
A 59 3
C 61 3
C 65 3
C 71 3
C 76 3
C 79 3
C 0 4
C 1 4
5 10 4
3 11 4
3 12 4
3 13 4
3 14 4
3 15 4
A 16 4
C 18 4
C 36 4
C 39 4
C 53 4
C 61 4
C 65 4
9 71 4
6 72 4
C 76 4
C 79 4
C 0 5
C 1 5
C 10 5
C 18 5
C 36 5
C 39 5
9 53 5
3 54 5
3 55 5
6 56 5
C 61 5
C 65 5
C 72 5
C 76 5
C 79 5
C 0 6
C 1 6
C 10 6
C 18 6
C 36 6
C 39 6
5 52 6
3 53 6
3 54 6
3 55 6
A 56 6
C 61 6
C 65 6
C 72 6
C 76 6
C 79 6
C 0 7
C 1 7
C 10 7
C 18 7
9 36 7
6 37 7
C 39 7
C 52 7
C 61 7
C 65 7
C 72 7
C 76 7
C 79 7
C 0 8
9 1 8
3 2 8
3 3 8
3 4 8
3 5 8
3 6 8
3 7 8
6 8 8
C 10 8
C 18 8
C 37 8
C 39 8
C 52 8
C 61 8
C 65 8
C 72 8
C 76 8
C 79 8
C 0 9
C 8 9
C 10 9
C 18 9
C 37 9
C 39 9
C 52 9
C 61 9
C 65 9
C 72 9
C 76 9
C 79 9
C 0 10
C 8 10
C 10 10
C 18 10
C 37 10
C 39 10
C 52 10
C 61 10
C 65 10
C 72 10
C 76 10
C 79 10
C 0 11
C 8 11
C 10 11
C 18 11
C 37 11
C 39 11
C 52 11
C 61 11
C 65 11
C 72 11
9 76 11
6 77 11
C 79 11
C 0 12
C 8 12
C 10 12
C 18 12
C 37 12
C 39 12
C 52 12
C 61 12
C 65 12
9 72 12
6 73 12
C 77 12
C 79 12
C 0 13
C 8 13
C 10 13
C 18 13
C 37 13
9 39 13
3 40 13
3 41 13
3 42 13
6 43 13
9 52 13
6 53 13
C 61 13
C 65 13
C 73 13
C 77 13
C 79 13
C 0 14
C 8 14
C 10 14
C 18 14
C 37 14
C 43 14
C 53 14
C 61 14
C 65 14
C 73 14
C 77 14
C 79 14
C 0 15
C 8 15
C 10 15
C 18 15
C 37 15
C 43 15
C 53 15
C 61 15
C 65 15
C 73 15
C 77 15
C 79 15
C 0 16
C 8 16
C 10 16
C 18 16
C 37 16
C 43 16
C 53 16
C 61 16
C 65 16
C 73 16
C 77 16
C 79 16
C 0 17
C 8 17
C 10 17
C 18 17
C 37 17
C 43 17
C 53 17
C 61 17
C 65 17
5 69 17
C 73 17
C 77 17
C 79 17
C 0 18
C 8 18
C 10 18
C 18 18
C 37 18
C 43 18
C 53 18
C 61 18
C 65 18
C 69 18
C 70 18
C 73 18
C 77 18
C 79 18
C 0 19
C 8 19
C 10 19
C 18 19
C 37 19
C 43 19
C 53 19
C 61 19
C 65 19
C 69 19
C 70 19
C 73 19
C 77 19
C 79 19
C 0 20
C 8 20
C 10 20
C 18 20
C 37 20
C 43 20
C 53 20
C 61 20
C 65 20
C 69 20
C 70 20
C 73 20
C 77 20
C 79 20
C 0 21
C 8 21
C 10 21
C 18 21
C 37 21
C 43 21
C 53 21
C 61 21
C 65 21
C 69 21
C 70 21
C 73 21
C 77 21
C 79 21
C 0 22
C 8 22
C 10 22
C 18 22
C 37 22
C 43 22
C 53 22
C 61 22
C 65 22
C 69 22
C 70 22
C 73 22
C 77 22
C 79 22
C 0 23
C 8 23
5 9 23
A 10 23
C 17 23
C 18 23
C 37 23
C 43 23
C 53 23
C 60 23
C 61 23
C 65 23
C 69 23
C 70 23
C 73 23
C 77 23
C 79 23
C 0 24
C 8 24
C 9 24
C 17 24
C 18 24
5 33 24
3 34 24
3 35 24
3 36 24
A 37 24
C 43 24
9 53 24
3 54 24
3 55 24
3 56 24
6 57 24
C 60 24
C 61 24
C 65 24
C 69 24
C 70 24
C 73 24
C 77 24
C 79 24
C 0 25
C 8 25
C 9 25
C 17 25
C 18 25
C 33 25
C 43 25
C 57 25
C 60 25
C 61 25
C 65 25
C 69 25
C 70 25
C 73 25
C 77 25
C 79 25
C 0 26
C 8 26
C 9 26
C 17 26
C 18 26
C 33 26
C 43 26
C 57 26
C 60 26
C 61 26
C 65 26
C 69 26
C 70 26
5 72 26
A 73 26
5 75 26
3 76 26
A 77 26
C 79 26
C 0 27
5 4 27
3 5 27
3 6 27
3 7 27
A 8 27
C 9 27
C 17 27
C 18 27
9 33 27
3 34 27
3 35 27
3 36 27
6 37 27
C 43 27
5 56 27
A 57 27
C 60 27
C 61 27
C 65 27
C 69 27
C 70 27
C 72 27
C 75 27
C 79 27
C 0 28
C 4 28
C 9 28
C 17 28
C 18 28
C 37 28
C 43 28
C 56 28
C 60 28
9 61 28
3 62 28
3 63 28
6 64 28
C 65 28
C 69 28
C 70 28
C 72 28
C 75 28
C 79 28
C 0 29
C 4 29
C 9 29
C 17 29
C 18 29
C 37 29
C 43 29
C 56 29
C 60 29
C 64 29
C 65 29
C 69 29
C 70 29
C 72 29
C 75 29
C 79 29
C 0 30
C 4 30
C 9 30
C 17 30
C 18 30
C 37 30
C 43 30
C 56 30
C 60 30
C 64 30
C 65 30
C 69 30
C 70 30
C 72 30
C 75 30
C 79 30
C 0 31
C 4 31
C 9 31
C 17 31
C 18 31
C 37 31
C 43 31
5 49 31
3 50 31
3 51 31
3 52 31
3 53 31
3 54 31
3 55 31
A 56 31
C 60 31
C 64 31
C 65 31
C 69 31
C 70 31
C 72 31
C 75 31
C 79 31
C 0 32
C 4 32
C 9 32
C 17 32
C 18 32
5 28 32
3 29 32
3 30 32
3 31 32
3 32 32
3 33 32
3 34 32
3 35 32
3 36 32
A 37 32
C 43 32
C 49 32
C 60 32
C 64 32
C 65 32
C 69 32
C 70 32
C 72 32
C 75 32
C 79 32
C 0 33
C 4 33
C 9 33
C 17 33
C 18 33
C 28 33
C 43 33
C 49 33
C 60 33
C 64 33
C 65 33
C 69 33
C 70 33
C 72 33
C 75 33
C 79 33
C 0 34
C 4 34
C 9 34
C 17 34
C 18 34
C 28 34
C 43 34
C 49 34
C 60 34
C 64 34
C 65 34
C 69 34
C 70 34
C 72 34
C 75 34
C 79 34
C 0 35
C 4 35
C 9 35
C 17 35
C 18 35
C 28 35
C 43 35
C 49 35
C 60 35
C 64 35
C 65 35
C 69 35
C 70 35
C 72 35
C 75 35
C 79 35
C 0 36
C 4 36
C 9 36
C 17 36
C 18 36
C 28 36
C 43 36
C 49 36
C 60 36
C 64 36
C 65 36
C 69 36
C 70 36
C 72 36
C 75 36
C 79 36
C 0 37
C 4 37
C 9 37
C 17 37
9 18 37
3 19 37
3 20 37
3 21 37
3 22 37
3 23 37
6 24 37
C 28 37
C 43 37
C 49 37
C 60 37
C 64 37
C 65 37
C 69 37
C 70 37
C 72 37
C 75 37
C 79 37
C 0 38
9 4 38
3 5 38
3 6 38
3 7 38
3 8 38
A 9 38
C 17 38
9 24 38
3 25 38
3 26 38
3 27 38
A 28 38
9 43 38
3 44 38
3 45 38
3 46 38
3 47 38
3 48 38
A 49 38
C 60 38
9 64 38
A 65 38
C 69 38
C 70 38
9 72 38
3 73 38
3 74 38
A 75 38
C 79 38
9 0 39
3 1 39
3 2 39
3 3 39
3 4 39
3 5 39
3 6 39
3 7 39
3 8 39
3 9 39
3 10 39
3 11 39
3 12 39
3 13 39
3 14 39
3 15 39
3 16 39
A 17 39
9 60 39
3 61 39
3 62 39
3 63 39
3 64 39
3 65 39
3 66 39
3 67 39
3 68 39
A 69 39
9 70 39
3 71 39
3 72 39
3 73 39
3 74 39
3 75 39
3 76 39
3 77 39
3 78 39
A 79 39
