311
121
197
618
450
63
576
508
957
490
665
250
489
501
246
376
590
716
347
388
946
136
210
245
350
366
41
805
531
269
89
83
886
365
945
359
504
734
137
307
816
290
191
38
862
46
303
639
27
469
399
535
143
10
624
606
181
193
15
302
108
19
67
699
173
286
8
163
130
159
720
207
739
812
129
327
289
209
232
277
296
967
421
309
427
170
34
331
680
447
281
52
537
218
244
54
140
482
377
196
150
517
87
21
45
929
49
6
198
953
132
214
341
59
522
9
216
315
2
171
146
323
42
190
231
1
472
156
397
378
803
607
625
486
239
387
404
379
776
169
53
466
563
765
567
371
514
380
671
22
977
194
598
640
39
337
424
336
543
529
493
342
454
14
176
23
401
691
333
687
242
649
553
80
654
521
258
885
215
310
200
611
20
773
0
234
247
222
820
252
260
99
288
264
81
153
157
217
573
354
758
175
270
479
591
701
322
174
167
17
544
524
823
412
927
719
452
279
164
358
708
299
546
139
623
123
115
73
811
104
282
498
340
408
182
76
672
50
134
179
406
128
82
355
704
745
613
951
186
428
110
717
243
955
966
545
13
166
409
530
112
294
787
795
762
996
911
619
988
431
594
593
29
188
273
237
389
595
986
259
437
24
168
456
651
838
348
69
574
515
233
714
861
710
64
985
525
360
694
851
577
107
320
905
97
235
880
507
660
391
707
848
467
835
96
141
384
750
135
982
77
571
443
551
992
414
731
616
106
920
266
308
138
808
586
255
221
325
93
28
148
797
818
702
918
528
448
317
541
91
952
909
759
422
205
413
346
592
56
47
119
661
185
276
642
785
958
636
75
741
552
219
284
125
5
263
495
321
669
228
568
253
416
381
603
31
55
743
786
226
126
939
458
834
155
843
455
101
470
658
7
809
870
686
291
538
103
657
35
481
896
201
527
631
373
411
962
960
744
548
477
385
819
206
947
154
425
68
549
33
970
415
890
512
696
441
641
536
71
540
120
693
330
74
152
465
722
580
203
794
223
668
111
429
585
316
964
676
418
846
638
688
873
855
382
924
457
582
725
864
446
131
398
653
312
605
326
127
393
400
500
151
850
615
542
695
879
578
149
509
784
4
853
679
981
783
485
506
634
297
172
814
516
646
713
810
433
883
305
742
36
712
756
483
930
98
199
602
863
829
476
58
827
749
557
461
746
872
559
684
442
868
426
980
370
257
184
921
754
798
635
673
390
65
513
948
561
40
32
240
572
349
825
954
420
916
711
936
937
165
241
779
116
532
272
865
938
878
319
345
468
854
72
650
781
114
995
478
25
949
449
703
867
338
973
386
313
463
648
402
301
897
444
510
189
356
410
876
628
901
268
800
806
907
841
70
802
94
715
933
494
383
900
162
677
778
859
569
314
324
293
943
583
213
706
271
738
523
491
597
30
298
295
438
579
894
974
728
518
792
782
617
18
453
627
919
601
804
554
752
339
997
248
195
144
690
678
251
12
212
736
764
230
895
755
831
278
287
274
361
16
