53
355
157
387
216
322
129
665
210
350
136
421
945
739
117
116
553
101
391
699
592
269
544
393
996
290
152
143
289
404
47
108
196
303
281
447
615
311
920
812
6
816
537
606
191
708
8
616
217
221
24
87
607
716
65
576
376
134
100
50
170
2
528
865
470
894
427
762
0
521
163
948
639
886
508
77
10
198
73
327
80
957
851
378
174
431
333
120
184
209
185
63
758
250
168
618
122
307
205
234
619
359
121
573
546
89
145
19
734
399
907
56
169
45
13
323
112
194
672
381
105
410
927
137
702
756
854
156
960
717
235
611
348
710
9
316
200
448
501
776
258
15
189
96
69
490
72
175
787
342
719
21
640
125
104
41
977
493
123
530
179
463
155
124
64
159
377
890
425
32
595
135
483
233
725
545
593
347
190
34
107
591
291
75
243
241
237
238
997
150
29
680
139
437
52
31
245
246
613
512
5
803
624
657
317
543
260
454
379
873
365
472
952
340
55
793
848
257
244
312
54
605
542
479
802
669
201
384
131
309
369
401
862
896
259
668
321
741
720
151
531
992
371
99
985
555
36
91
296
23
154
455
498
30
539
177
331
829
558
39
67
264
885
918
916
35
218
577
273
658
524
127
625
337
805
207
603
324
398
219
565
138
206
70
255
25
942
97
456
48
341
203
17
228
504
540
58
701
1
500
495
252
183
276
861
742
85
730
819
81
110
232
446
239
38
797
704
660
148
937
784
481
814
695
516
688
214
441
231
408
182
111
315
173
551
295
988
352
126
272
765
277
771
368
811
286
46
443
586
962
967
106
128
149
750
982
266
176
823
450
308
68
514
188
707
870
370
880
641
4
946
743
941
541
7
412
964
406
326
583
808
654
744
486
109
230
251
752
172
130
361
22
335
364
835
601
302
59
953
535
415
388
891
373
288
353
223
489
240
453
594
552
442
413
397
12
94
482
936
336
584
476
691
939
709
171
79
722
827
929
864
181
868
559
366
358
536
905
380
575
492
103
270
389
820
785
598
818
141
572
745
411
457
676
574
617
623
897
253
42
924
631
671
469
525
140
642
325
49
167
655
339
451
715
293
301
458
981
590
144
429
86
407
859
517
27
806
28
578
354
712
146
970
794
582
297
947
18
351
646
197
119
98
20
76
82
382
420
711
414
850
718
477
319
199
930
305
602
568
449
356
687
580
467
842
547
696
694
3
409
385
452
313
810
494
390
995
507
461
679
588
211
713
529
783
749
651
872
673
781
878
879
825
66
834
433
867
263
677
422
931
560
386
786
973
837
795
773
338
881
515
636
549
738
933
473
374
466
846
690
485
662
921
768
424
863
153
561
567
714
753
876
798
164
440
949
705
900
909
579
589
71
344
901
731
726
778
242
162
444
193
597
770
628
974
645
465
268
523
430
165
478
760
800
213
570
838
279
271
287
298
496
426
282
821
330
438
510
400
468
792
728
548
928
92
914
943
40
874
585
226
683
299
759
791
320
83
841
346
751
383
557
755
215
274
74
14
518
180
