19
421
8
323
171
234
153
186
427
544
6
137
716
378
198
391
404
607
380
495
945
52
245
316
289
924
188
327
235
816
290
42
776
672
851
87
136
123
169
702
591
39
823
64
719
803
611
89
739
12
0
48
140
269
408
613
699
886
214
242
309
593
191
375
210
472
129
27
121
504
454
321
573
63
665
848
835
512
540
365
99
406
112
216
525
546
861
75
603
54
250
618
606
448
157
177
551
447
65
625
61
485
549
86
22
422
458
508
143
342
918
521
257
196
820
1
80
545
110
379
79
595
13
403
163
92
347
282
648
333
226
537
201
2
754
277
217
23
450
47
203
635
207
139
543
168
263
482
21
205
239
782
960
758
307
258
441
9
40
553
246
355
303
623
762
424
531
397
315
528
927
34
370
805
431
425
200
896
687
541
107
577
322
311
668
376
150
32
222
36
145
38
489
296
814
992
377
948
717
237
182
501
354
206
94
601
209
56
710
167
827
291
350
20
592
371
572
84
148
725
726
563
786
59
939
742
260
586
17
115
101
676
97
146
228
522
412
443
470
576
467
843
155
812
138
936
929
232
582
41
885
185
82
149
744
363
765
240
473
179
281
490
325
491
5
529
558
654
273
372
949
967
131
953
639
106
358
116
919
548
141
590
308
174
176
516
795
349
359
70
295
952
452
45
811
920
897
720
787
905
127
916
194
542
373
108
442
71
535
117
401
381
7
24
16
641
560
970
434
247
352
598
335
190
77
317
221
917
393
331
479
524
218
266
988
423
111
773
294
746
305
756
3
426
312
619
794
259
951
299
634
170
15
55
387
977
219
850
615
662
617
181
100
862
244
624
797
46
656
481
339
286
909
457
701
31
4
25
67
134
985
348
695
175
957
388
81
156
669
509
594
616
409
808
73
879
730
784
962
559
96
844
476
503
415
498
478
128
400
340
753
536
804
356
125
429
301
83
253
714
842
530
453
964
362
793
829
243
645
433
996
35
336
872
527
937
229
734
261
225
708
102
722
172
955
264
876
584
468
231
382
686
982
646
680
688
946
410
652
98
326
651
223
122
414
173
691
144
890
72
568
557
818
640
578
690
585
837
158
274
435
58
91
707
868
330
500
713
825
68
402
838
230
69
383
561
416
50
538
469
658
455
437
575
854
873
743
631
981
152
930
85
694
366
779
605
810
732
749
628
104
248
460
103
520
29
660
477
785
671
449
995
731
497
692
413
673
986
28
30
711
685
385
583
880
126
515
555
314
76
712
461
973
189
399
279
947
580
463
552
801
696
486
679
933
368
830
870
874
369
733
118
351
483
602
704
444
881
18
130
319
514
49
768
109
867
10
238
341
597
74
506
943
796
907
846
642
781
745
374
752
657
863
523
931
831
891
798
750
783
270
800
900
184
806
154
193
302
864
313
390
411
135
251
579
878
683
151
496
338
736
715
494
420
389
162
883
802
202
285
517
428
791
684
384
834
921
677
859
901
841
778
650
364
310
997
755
954
626
518
268
759
199
638
974
165
211
440
510
533
