198
279
42
89
39
250
21
514
129
143
404
957
31
289
136
447
377
266
45
307
13
246
540
776
282
245
458
388
186
87
870
19
376
639
616
531
23
64
918
221
672
623
427
945
239
258
210
507
607
290
545
379
47
920
511
326
146
546
244
606
75
232
191
321
603
699
157
573
717
287
702
65
283
148
81
504
365
428
350
399
63
654
665
391
528
112
273
508
454
572
54
85
765
108
235
992
303
816
34
437
269
401
302
378
754
680
982
929
387
327
315
544
577
6
406
163
553
714
151
10
296
576
169
50
82
498
173
20
716
181
1
450
805
640
76
84
309
758
8
58
397
125
120
977
501
5
127
720
126
739
0
431
560
206
342
472
835
22
619
393
41
473
2
691
36
222
49
158
238
179
615
202
216
110
611
190
17
322
355
734
28
733
745
12
205
240
591
295
323
347
67
207
196
348
683
948
97
130
896
263
24
73
641
608
69
141
180
46
56
880
121
465
886
308
277
543
686
719
193
704
952
660
105
408
549
124
96
80
138
200
380
4
593
99
590
542
967
668
134
541
373
83
61
231
885
916
732
905
182
233
459
286
174
947
746
535
187
482
642
787
333
331
415
996
317
330
344
139
811
592
325
548
252
116
101
868
340
281
381
171
521
264
243
228
359
953
586
742
234
335
618
831
412
188
242
212
259
77
829
38
527
861
485
59
530
803
318
551
425
876
203
137
257
27
320
217
809
443
823
94
708
924
382
409
862
219
131
185
35
455
854
569
115
154
524
467
155
658
559
595
470
159
201
214
293
694
301
247
563
818
305
337
634
808
167
424
946
490
631
449
851
358
251
512
150
489
241
156
237
276
624
107
768
574
352
29
625
421
509
316
346
369
374
646
927
500
688
743
481
448
312
794
598
168
890
375
960
630
962
52
476
731
814
371
988
30
170
695
701
844
613
442
68
492
578
656
469
341
91
894
789
784
103
669
537
25
363
172
429
478
496
711
750
582
106
749
299
783
651
762
525
422
71
184
384
863
140
895
177
753
797
738
3
777
730
981
15
970
319
386
100
209
770
827
526
70
707
260
253
92
194
741
98
361
584
653
725
679
413
687
939
567
538
493
848
820
565
505
726
837
14
964
366
781
846
785
843
390
495
236
985
175
744
204
441
506
370
678
394
580
336
812
911
410
722
867
936
311
638
385
786
416
594
806
536
696
949
294
879
834
288
872
477
897
715
938
930
579
900
795
516
164
310
453
759
617
752
713
433
937
568
414
657
411
825
756
529
676
226
878
463
864
354
557
800
403
423
558
671
152
74
457
420
693
176
486
712
673
675
944
338
256
973
877
539
798
821
144
690
810
461
430
909
585
400
452
874
995
367
389
268
914
255
932
522
402
313
561
804
955
933
513
917
339
850
583
291
628
943
684
444
907
72
297
602
921
849
710
974
494
677
417
162
135
778
830
356
471
523
841
165
225
213
793
510
40
873
364
271
278
298
104
438
901
728
270
636
503
153
435
792
597
272
122
227
802
9
532
345
910
304
215
79
