119
5
101
365
112
250
592
175
19
391
945
521
327
210
443
719
412
829
946
235
619
427
702
404
639
94
920
196
350
307
191
311
431
31
143
205
138
535
246
260
290
985
87
606
56
739
576
289
437
198
170
331
447
269
63
65
379
279
67
8
504
916
498
25
472
232
456
240
665
607
508
156
18
530
0
545
553
640
137
546
861
468
399
171
206
423
322
136
194
323
22
73
687
414
69
35
333
6
277
595
216
355
128
717
326
79
3
97
512
776
716
787
573
699
242
482
347
173
317
155
862
1
342
152
548
886
490
616
812
117
80
429
263
209
586
36
339
668
144
222
169
425
244
450
129
296
89
309
135
366
200
150
551
378
21
501
722
78
720
688
93
266
316
918
245
725
625
358
958
421
466
237
454
86
558
711
134
120
157
57
41
239
526
45
493
105
348
139
568
201
658
406
549
203
924
387
148
465
374
851
430
880
577
243
654
373
181
754
81
303
286
567
299
805
890
593
459
47
116
989
467
39
100
115
973
803
489
75
992
827
695
54
295
977
140
376
259
531
106
929
46
258
864
4
580
603
816
544
359
168
9
28
479
108
13
942
536
64
873
734
701
615
598
223
71
605
182
691
380
121
110
183
335
153
919
85
758
124
24
995
233
297
48
383
541
584
710
469
315
555
23
848
53
83
585
631
981
458
507
572
492
611
320
302
76
952
321
251
228
131
179
686
967
743
591
481
77
680
982
811
511
167
560
318
401
68
970
253
324
226
509
891
381
770
773
590
20
582
798
808
641
784
361
281
219
217
964
733
283
609
390
344
127
543
962
953
432
10
186
795
996
765
557
274
221
707
264
954
842
927
202
163
960
354
624
325
34
27
29
783
291
679
448
377
618
703
382
947
917
477
370
356
486
99
540
330
506
270
750
422
656
416
835
885
17
340
449
470
125
214
578
730
273
565
413
520
193
231
408
745
369
814
870
496
190
988
172
126
957
613
581
60
410
389
98
313
694
453
966
524
602
455
495
262
426
527
312
485
248
188
818
415
749
762
197
936
932
388
371
30
238
563
583
660
636
542
797
58
879
49
516
537
905
336
820
2
939
922
159
61
768
713
575
909
737
385
42
752
896
676
525
515
441
393
234
500
794
594
753
823
937
476
704
433
352
559
651
597
878
74
491
747
863
59
345
319
876
926
397
104
868
457
409
207
405
151
310
672
642
854
785
806
96
635
502
123
305
343
809
12
671
850
424
897
821
872
626
712
822
107
50
523
900
461
301
948
561
103
949
483
781
364
538
634
810
52
696
956
420
411
300
930
846
428
731
825
921
628
272
834
552
384
673
867
786
657
452
759
933
732
579
715
601
907
463
866
72
800
859
293
149
444
338
494
841
55
974
268
677
901
529
130
690
478
726
16
755
646
629
162
778
522
84
122
692
751
914
440
165
213
518
669
510
195
82
984
146
802
271
375
298
837
278
438
728
838
652
792
986
648
830
462
92
630
189
349
791
943
678
627
534
889
38
855
435
608
174
931
700
871
473
650
653
241
88
