245
75
100
136
79
517
501
886
0
194
508
366
359
191
592
945
957
232
350
209
739
174
553
615
427
257
576
307
54
660
421
143
92
504
765
358
121
977
347
290
699
327
39
235
49
22
52
72
1
776
545
812
89
543
482
260
131
130
702
414
376
454
388
19
787
404
41
437
234
47
448
672
816
182
333
258
243
422
264
190
34
99
205
38
222
540
281
87
577
6
607
81
606
94
65
429
324
447
134
373
465
216
535
716
8
573
106
339
303
521
289
129
619
28
179
390
365
628
50
20
69
111
62
108
570
490
401
207
734
64
144
680
348
862
410
453
169
355
73
282
141
665
48
116
137
537
413
450
296
2
640
308
780
266
193
885
636
854
342
362
80
97
139
10
23
493
196
269
219
960
981
122
593
530
378
317
12
340
150
472
361
391
316
36
247
406
238
176
230
175
337
745
322
397
252
244
408
226
544
456
237
449
200
919
639
309
171
827
948
531
625
565
177
233
188
323
217
45
123
467
225
695
548
996
524
539
762
719
293
163
241
277
96
3
651
466
927
953
861
638
331
214
86
704
102
952
68
603
59
379
473
4
126
920
512
21
591
389
423
259
803
802
148
201
785
805
586
641
276
146
63
167
270
498
571
184
687
720
13
529
326
602
210
223
119
527
842
511
374
250
835
770
261
240
455
654
964
246
29
125
590
623
932
811
164
895
743
315
808
731
843
616
888
336
321
583
992
688
611
202
717
710
668
848
286
489
485
239
110
726
228
162
409
443
382
896
31
198
522
469
263
879
105
375
305
292
156
568
924
707
181
393
569
424
354
325
491
380
377
814
725
642
666
161
135
168
211
997
44
138
870
851
319
900
542
384
113
25
56
479
127
341
82
112
442
786
624
982
399
312
718
713
140
820
302
631
206
35
273
481
818
580
962
712
507
795
829
934
412
516
416
918
797
381
85
151
523
470
351
846
546
152
155
520
551
101
905
595
880
478
929
301
128
756
279
873
784
486
457
371
514
561
172
559
291
272
287
722
714
77
311
549
897
793
452
103
560
170
310
649
500
212
618
937
253
671
758
691
24
661
353
970
145
430
967
503
221
153
594
917
582
528
385
557
946
930
476
231
42
538
199
370
458
431
794
836
701
752
823
67
515
120
597
598
425
444
613
825
768
558
751
617
850
694
274
107
947
939
630
46
525
985
541
585
405
451
58
863
477
173
868
954
578
676
426
154
949
5
435
988
872
124
890
658
749
806
810
356
629
653
363
690
441
760
574
995
909
98
71
867
864
536
679
686
634
783
916
387
495
874
463
673
461
834
657
878
400
958
936
335
433
313
352
494
386
227
584
677
338
30
403
402
83
104
605
204
288
656
295
74
483
579
364
368
859
297
588
837
933
800
711
18
157
773
27
684
838
798
804
411
974
973
742
755
921
876
759
907
931
420
833
940
330
526
552
984
715
841
706
778
943
268
518
165
696
213
271
320
626
440
278
298
60
9
471
655
852
510
496
438
728
877
398
678
792
782
563
369
705
635
242
781
32
709
650
865
17
871
738
669
195
