175
22
404
47
323
146
522
29
170
316
455
544
665
27
171
508
945
504
331
54
246
449
322
136
776
307
366
87
408
699
607
143
289
239
99
5
967
0
190
75
886
403
946
41
6
702
758
1
379
654
611
350
851
19
8
234
137
327
437
521
296
63
317
260
835
163
46
452
606
119
716
86
20
240
219
210
977
918
373
765
148
179
447
816
429
4
603
805
388
205
186
56
65
67
23
24
680
193
36
242
222
45
358
244
594
258
378
38
421
559
290
13
924
781
259
820
719
498
191
216
80
577
97
53
201
73
448
245
427
120
454
302
359
157
281
530
425
123
535
885
957
512
48
273
354
115
196
200
516
223
198
399
269
96
167
880
121
49
573
34
431
380
545
672
583
181
301
401
39
861
586
64
68
927
369
308
743
112
233
597
101
100
315
406
28
12
134
111
150
511
42
553
324
450
410
15
247
754
79
670
412
563
386
542
333
279
25
712
21
391
896
173
129
430
580
251
568
226
465
524
416
591
970
348
232
89
668
347
110
312
387
601
890
424
720
501
414
2
717
250
264
862
575
442
55
531
639
894
916
485
17
295
299
188
567
423
365
166
214
209
814
929
443
593
739
125
377
992
371
576
135
221
996
613
762
339
651
786
476
753
541
660
131
490
641
292
873
282
797
98
489
897
309
104
947
687
985
189
482
428
584
750
130
964
390
85
787
595
625
726
676
955
803
83
325
156
291
397
551
376
848
695
152
619
623
466
144
667
294
808
509
673
138
846
469
168
363
139
905
738
812
529
192
458
590
81
624
982
93
823
321
536
618
277
77
253
756
640
459
688
70
336
734
243
362
31
865
311
235
952
920
907
228
468
50
811
207
261
825
252
349
938
266
503
616
164
933
507
701
981
627
141
82
495
837
585
217
293
592
59
107
238
326
953
481
707
582
930
962
486
126
973
708
477
546
340
497
297
710
237
793
937
782
802
229
337
795
960
74
988
116
174
62
389
374
169
206
432
631
598
818
705
537
939
108
646
868
385
276
393
528
615
506
140
368
52
305
149
514
540
794
441
343
472
153
381
829
470
917
103
127
351
479
35
525
752
9
313
690
527
58
784
713
662
122
382
686
557
704
231
335
172
783
303
785
578
870
3
284
467
876
288
948
483
831
635
342
949
341
539
151
272
648
268
364
106
854
722
456
194
671
863
706
444
426
921
867
14
798
30
749
674
549
560
958
435
731
694
473
370
696
460
105
383
523
128
609
409
461
850
579
605
806
879
770
505
936
931
453
405
474
33
463
932
725
457
155
257
367
422
415
519
355
212
274
642
263
735
561
661
838
165
859
241
602
572
566
510
679
436
319
10
810
954
813
548
197
736
400
730
711
657
909
411
43
72
162
900
742
413
872
71
394
759
500
773
356
117
84
636
827
184
941
864
628
914
420
669
943
819
626
433
494
330
338
270
677
286
883
656
986
878
94
18
520
830
834
440
353
778
715
310
768
213
841
552
271
974
800
298
518
438
728
979
792
492
