387
205
49
191
52
787
379
25
590
21
143
606
501
327
89
404
259
235
611
59
378
322
210
399
699
702
347
607
365
260
359
540
996
680
34
13
544
107
232
12
456
513
258
17
447
449
8
323
427
479
48
47
18
293
504
39
716
742
307
96
717
437
508
250
668
108
1
593
63
127
50
245
54
575
216
290
665
739
151
896
214
5
714
512
331
960
803
148
6
639
31
67
64
641
592
613
305
99
2
410
263
171
704
521
197
3
207
431
580
498
188
553
886
279
835
102
106
646
591
701
391
0
511
342
86
666
159
140
282
567
321
376
136
380
939
196
885
326
69
673
490
24
20
919
239
238
289
157
16
164
117
482
181
423
22
131
844
45
32
467
441
733
530
163
350
269
734
80
495
123
531
576
257
81
541
65
203
795
87
952
309
302
573
816
277
291
409
909
401
616
861
266
110
104
762
317
862
35
776
295
179
144
246
247
786
355
598
244
743
19
40
352
765
688
424
193
493
121
454
618
333
535
77
105
750
222
201
202
649
720
625
545
425
539
101
56
455
70
712
209
929
134
303
170
74
315
53
375
577
78
36
42
805
273
111
483
686
948
726
124
173
408
450
112
542
448
945
565
286
811
457
130
489
864
219
791
658
548
308
624
139
377
583
603
528
812
153
129
429
337
988
234
823
125
200
373
4
584
526
982
719
348
138
970
781
336
109
363
299
527
557
428
754
240
985
155
169
977
412
619
231
310
119
390
707
725
406
41
237
182
296
407
854
829
29
442
340
560
416
211
46
920
859
27
773
992
918
695
228
623
924
217
243
371
806
72
865
820
481
221
783
937
470
397
418
253
73
891
97
381
156
758
174
264
415
827
7
962
325
312
615
301
654
546
713
851
916
154
472
694
683
316
514
28
524
809
946
370
784
536
330
116
421
927
551
638
304
126
507
837
711
430
953
708
572
100
382
810
233
172
818
710
991
61
358
848
856
242
10
344
281
905
684
30
453
469
366
595
452
75
932
868
175
738
973
636
731
561
206
146
311
721
288
354
403
194
687
60
555
150
594
846
582
458
981
696
672
797
660
657
879
692
671
189
500
537
967
838
9
93
388
525
601
486
543
586
752
198
199
272
413
631
223
385
794
640
785
190
519
669
579
870
814
338
578
872
617
414
957
476
152
930
679
443
393
79
863
749
477
949
880
389
252
384
779
549
294
808
585
162
433
873
984
133
966
367
68
320
383
177
319
314
459
261
759
637
276
82
841
473
58
465
798
103
936
825
890
361
559
516
900
892
964
422
800
485
405
907
552
529
947
568
942
522
161
605
756
368
876
850
341
958
676
954
463
509
461
268
538
15
741
887
499
520
651
897
94
834
364
878
85
98
933
523
411
921
630
715
351
602
160
270
938
167
313
648
867
506
722
869
494
515
518
440
141
135
195
628
339
420
677
753
778
597
491
71
675
349
974
165
478
213
271
931
278
737
670
298
802
419
386
510
874
943
438
728
782
225
792
901
746
398
730
92
496
444
236
186
23
14
255
356
895
346
764
926
678
451
475
435
