73
201
36
493
94
191
665
404
290
245
918
716
960
501
504
702
6
210
8
331
593
862
347
239
190
63
42
232
350
136
171
216
242
307
378
309
143
89
522
541
607
196
521
553
54
19
717
447
366
920
315
508
47
611
4
157
39
886
0
327
235
13
506
246
153
401
34
477
668
87
927
16
316
112
303
787
234
773
257
342
421
455
269
816
258
96
885
699
214
5
296
317
22
75
250
375
263
98
133
203
18
3
233
325
758
144
615
163
2
992
81
256
368
129
67
122
226
680
537
209
181
387
10
205
207
279
333
86
277
25
80
851
687
120
623
44
854
545
872
952
1
156
237
573
812
616
784
489
391
452
981
701
40
32
597
577
567
38
880
427
412
134
244
20
606
151
240
200
531
289
454
45
115
377
408
194
805
572
102
945
322
359
640
31
916
318
376
544
505
486
117
719
591
321
299
12
905
512
498
896
641
996
65
358
373
605
753
131
354
592
765
61
222
105
23
704
69
193
733
720
575
111
463
982
259
130
479
202
472
569
175
365
177
379
507
311
755
388
457
170
52
743
568
739
528
21
540
166
525
186
127
844
49
603
397
59
423
273
585
563
64
814
385
762
619
750
283
121
559
128
97
466
535
101
218
362
228
77
524
110
646
137
490
670
28
809
146
754
178
608
184
119
9
450
138
530
946
482
276
594
695
688
339
734
953
219
654
429
422
803
399
106
217
48
148
639
260
281
624
977
206
957
103
35
988
41
703
476
198
458
586
481
613
744
580
582
109
939
909
243
825
448
393
172
270
221
364
57
595
380
473
543
345
431
282
634
272
829
691
576
557
542
777
707
169
414
470
660
598
126
348
513
962
631
808
565
92
253
99
710
180
383
752
288
453
406
174
800
818
835
140
173
578
370
352
511
7
189
929
853
266
229
411
618
516
672
759
449
264
948
656
485
139
78
495
970
326
107
776
713
30
319
382
947
346
50
295
247
467
867
590
846
371
469
806
355
179
381
286
176
418
108
900
154
503
125
820
749
874
305
985
890
684
159
552
859
897
437
416
802
579
879
865
863
676
390
548
124
417
795
188
546
161
135
443
424
551
167
15
558
833
231
520
785
967
694
876
868
413
823
870
848
351
907
91
293
441
308
312
711
625
420
561
621
679
718
444
638
46
29
320
794
58
798
861
104
164
958
85
651
442
428
491
708
827
27
930
797
340
964
602
671
336
155
141
821
781
212
850
302
483
519
517
838
919
116
924
314
56
949
783
937
712
864
223
583
152
895
500
725
410
430
936
523
313
878
79
74
284
973
323
669
921
673
433
786
461
782
356
933
834
902
881
917
168
494
162
768
310
696
677
514
873
72
731
979
657
658
165
856
435
715
158
301
338
440
877
609
150
241
527
810
426
349
509
118
529
291
268
855
628
943
722
478
974
71
588
630
778
330
213
841
271
666
465
518
801
496
425
298
195
735
384
966
337
931
510
678
811
661
438
728
278
374
901
792
871
887
831
690
742
983
24
100
627
372
938
386
197
730
76
68
652
43
