20
19
73
123
24
787
391
553
687
699
143
190
408
458
23
269
467
378
593
258
163
136
702
210
216
140
8
448
327
945
4
545
331
592
185
816
234
34
41
289
707
544
960
49
2
245
537
812
198
50
967
219
719
665
606
577
243
482
603
390
54
291
232
640
498
290
404
317
348
55
309
169
106
686
282
63
776
239
46
639
716
886
347
607
36
508
691
211
42
535
3
94
226
573
447
237
69
179
307
937
168
427
342
191
805
25
45
277
56
0
750
531
218
350
517
734
22
281
388
590
89
246
710
323
490
75
953
759
379
401
376
992
77
333
381
574
17
616
365
528
504
177
758
48
59
486
827
624
795
684
67
811
99
412
257
421
205
112
64
181
683
21
410
221
161
654
765
551
977
315
240
259
425
74
171
736
773
492
120
454
186
465
201
952
5
501
982
156
96
413
424
905
929
443
321
389
449
668
100
366
572
108
996
81
453
98
127
105
361
809
316
325
175
97
154
164
148
472
83
76
116
862
712
563
200
717
47
919
406
129
207
242
511
873
851
615
173
359
890
720
144
79
167
150
927
576
997
335
299
383
131
503
18
474
124
595
387
228
713
756
244
591
803
322
182
139
286
194
680
661
754
521
530
855
848
250
522
303
565
808
32
262
920
660
270
546
524
865
885
30
352
455
481
296
414
970
235
690
209
231
223
39
155
6
297
540
962
880
964
311
641
762
429
730
489
853
946
701
476
739
985
958
38
672
646
128
358
525
561
65
260
318
916
738
619
495
541
907
31
398
468
53
896
261
87
548
274
152
340
418
13
133
838
611
382
233
138
797
512
253
9
196
214
193
825
861
134
669
835
695
450
949
784
584
696
469
68
409
981
12
29
153
35
441
854
80
72
559
110
437
371
135
846
426
355
107
744
279
356
86
137
726
384
273
793
567
174
837
601
430
785
829
536
84
301
820
505
380
433
939
121
375
586
605
172
305
485
618
10
252
823
151
263
377
745
119
188
613
725
783
217
814
470
733
415
872
688
794
578
385
370
104
82
627
176
731
957
206
103
694
532
302
393
988
543
160
867
332
44
93
189
431
703
938
542
704
354
399
1
364
557
266
582
579
52
66
314
27
483
802
118
679
842
742
496
500
864
818
585
948
284
442
636
255
921
631
800
594
516
264
924
222
651
101
248
477
922
821
743
538
708
373
598
295
806
411
856
397
130
870
580
549
326
966
122
422
125
126
947
918
602
319
749
868
527
936
146
85
879
843
671
909
850
170
711
109
876
320
626
71
369
338
308
597
834
673
552
863
58
363
798
900
897
162
457
452
810
676
878
571
973
444
313
583
330
514
461
933
643
268
722
782
801
440
523
888
509
778
974
575
866
786
930
791
629
494
951
197
202
28
901
420
336
560
310
841
346
238
165
287
657
157
666
506
407
463
141
510
895
288
478
656
92
568
715
628
632
617
677
213
271
518
195
737
298
114
278
438
272
943
728
339
753
678
931
625
779
792
507
830
652
473
871
230
70
781
400
159
115
954
178
225
