64
19
46
141
32
205
258
25
196
8
191
347
412
365
207
209
269
404
143
378
886
366
699
712
508
41
590
920
447
607
708
99
592
117
615
101
333
455
816
315
639
246
181
665
34
250
640
490
56
454
194
169
245
734
408
611
379
342
862
964
293
322
401
507
156
553
1
880
311
350
905
720
52
317
739
296
515
427
222
216
63
100
387
65
157
331
173
829
606
530
776
603
289
77
388
560
309
851
279
212
409
59
641
323
423
202
295
371
687
86
2
17
110
104
89
112
613
827
654
616
525
397
163
321
23
235
237
127
80
531
4
108
619
0
240
290
123
537
326
501
244
422
671
498
765
200
47
39
6
967
10
354
129
758
273
50
22
171
456
210
174
608
339
82
9
252
170
30
73
48
83
155
593
430
521
257
188
177
3
540
702
136
376
260
234
835
190
87
307
327
985
890
308
61
391
109
16
361
374
45
119
316
36
719
406
274
121
927
92
812
819
214
591
762
982
238
948
668
716
228
120
534
179
790
662
15
483
946
545
868
976
523
150
472
546
672
797
407
253
696
385
476
348
264
134
544
138
688
704
909
717
465
53
351
485
713
421
859
5
939
125
81
27
996
198
305
938
29
710
595
428
28
726
577
500
266
49
139
528
680
358
787
263
182
359
239
325
479
565
106
538
469
399
425
495
98
79
168
598
42
38
429
522
625
164
232
605
54
803
336
467
372
885
576
520
380
493
512
701
67
97
243
489
486
995
896
960
259
116
482
31
623
805
437
535
377
115
233
552
992
458
431
997
176
911
924
416
557
818
957
107
75
918
442
148
583
281
140
580
854
549
193
287
88
105
272
370
12
745
184
627
185
13
970
731
481
126
175
945
567
743
579
69
415
820
962
131
524
808
517
892
751
470
559
977
504
630
825
40
651
860
864
206
393
561
303
660
68
394
221
527
631
340
355
506
551
96
382
573
166
352
594
586
21
578
286
337
413
846
861
624
541
526
783
711
514
124
324
201
823
499
375
133
7
842
786
563
683
843
789
137
848
879
418
661
658
414
695
231
217
426
223
760
807
477
167
35
219
679
542
811
929
705
814
277
897
18
555
933
773
584
831
837
154
937
575
916
270
642
448
543
988
373
981
863
582
936
74
203
572
516
424
433
673
784
804
954
58
241
172
353
320
581
785
749
978
457
876
103
952
478
230
953
381
676
226
390
836
989
24
443
319
301
313
509
973
449
795
94
733
473
218
547
678
917
503
754
791
722
302
122
873
878
694
135
707
536
363
693
276
744
824
568
491
870
656
715
602
810
85
657
759
686
949
867
463
730
794
800
850
132
802
441
128
834
312
118
318
921
338
71
770
505
930
152
229
947
798
907
420
585
806
151
158
703
628
242
900
72
494
345
389
901
974
618
291
453
461
411
288
778
330
677
548
872
153
165
669
268
881
468
841
162
213
271
518
753
690
278
298
310
725
438
966
405
510
444
617
728
838
792
781
410
597
195
650
299
636
919
735
941
742
356
902
57
634
335
364
314
145
204
