175
15
567
68
421
347
64
521
404
136
469
371
427
716
307
606
720
8
482
205
699
129
232
452
739
920
607
725
290
191
250
598
216
559
327
309
447
302
289
805
546
508
30
953
387
140
323
112
595
59
25
143
365
257
816
188
880
269
311
87
303
734
65
92
660
193
350
6
58
190
89
238
50
553
80
206
171
179
563
623
495
359
787
41
321
378
19
373
106
636
163
573
24
449
665
170
765
575
222
641
67
194
169
260
200
296
540
153
244
152
945
639
234
86
514
128
53
456
99
207
501
468
890
134
198
541
957
490
108
202
117
732
73
397
835
429
97
197
886
454
181
45
425
527
258
139
851
498
854
148
618
146
52
331
450
592
96
493
512
726
1
317
408
684
719
531
486
252
905
535
21
83
245
241
263
992
210
342
812
121
135
246
322
47
100
393
29
366
712
776
380
762
156
105
231
20
568
710
668
820
640
48
277
885
539
358
616
947
455
22
927
125
5
12
189
159
34
530
339
985
221
266
528
295
348
346
389
0
843
924
312
582
967
13
335
608
119
239
55
157
284
288
846
177
54
470
46
758
929
624
282
237
228
704
611
196
457
2
10
701
576
442
333
544
536
717
264
104
416
977
259
603
982
355
379
122
101
996
155
862
168
594
938
31
545
243
345
174
431
443
422
481
657
391
547
962
511
107
272
669
233
141
354
672
167
768
9
343
417
743
23
897
542
605
255
939
654
593
479
691
69
401
864
203
219
273
324
63
809
390
631
577
423
619
81
308
49
182
74
702
235
126
399
921
70
340
4
127
77
453
834
584
489
551
814
997
7
84
110
785
138
85
703
459
635
855
574
695
253
426
376
800
38
781
506
524
963
293
615
580
72
537
948
381
131
504
242
377
123
32
687
670
384
782
151
217
406
632
874
458
35
803
868
586
829
646
870
299
27
645
412
916
144
383
952
811
316
818
385
578
352
713
625
448
382
507
964
918
75
396
240
388
500
79
571
310
467
688
88
91
848
516
294
808
472
784
315
172
414
42
226
370
909
802
279
476
513
437
865
630
39
797
291
960
794
415
588
557
981
591
671
896
515
361
751
364
949
609
229
424
707
173
742
749
209
523
98
28
409
821
154
330
212
305
613
658
483
711
485
590
694
988
651
116
218
597
837
549
970
634
441
741
18
861
570
806
783
477
759
911
827
872
824
585
984
109
693
124
673
786
461
850
686
931
115
336
601
936
863
946
879
402
679
680
676
56
103
522
937
319
994
17
583
973
867
878
341
565
842
254
853
876
281
301
400
326
917
823
599
681
525
411
791
428
900
94
176
602
561
274
463
356
433
162
930
374
873
795
338
313
790
731
733
722
270
773
715
933
756
810
798
841
413
958
579
836
572
420
268
825
410
922
789
509
478
674
201
548
214
440
503
286
211
628
696
907
33
372
113
738
518
494
974
677
919
778
683
165
150
213
394
145
750
71
271
195
298
