333
454
136
498
63
197
16
1
289
545
311
143
366
501
196
687
920
87
232
21
45
134
574
234
309
269
490
812
28
803
619
665
6
948
41
702
573
615
246
404
23
182
541
39
106
939
359
489
89
805
296
537
191
606
414
277
322
508
378
19
10
835
290
720
245
25
406
995
421
121
327
46
716
577
108
210
317
100
171
924
130
205
618
967
273
3
29
862
886
295
714
598
447
217
137
607
307
244
36
457
170
83
146
377
952
209
71
427
593
467
929
179
131
851
504
586
138
258
407
543
216
450
73
859
719
431
553
540
156
776
725
380
251
80
470
699
152
112
86
495
408
233
401
61
783
816
0
960
375
325
992
34
226
123
22
235
169
27
379
458
927
55
177
423
186
118
155
739
47
876
398
387
243
42
321
654
193
391
486
17
323
20
2
572
5
168
546
110
762
291
365
758
624
946
734
820
513
350
9
592
82
646
316
324
482
708
542
641
381
453
54
79
97
437
76
238
694
388
591
107
198
506
918
658
50
65
219
347
240
945
331
31
59
507
13
738
744
38
575
399
680
351
62
163
611
92
218
24
127
315
8
524
237
150
239
953
44
259
412
616
4
885
535
827
308
200
905
996
52
544
418
373
576
531
814
512
185
756
261
472
342
12
250
765
56
710
202
787
443
717
354
129
207
568
242
32
492
557
485
954
688
684
162
101
222
639
861
201
704
473
363
303
99
228
148
361
416
422
194
713
880
977
410
141
514
442
214
119
18
424
661
116
481
449
68
229
613
120
206
625
660
299
114
270
128
529
530
81
631
848
35
784
870
326
551
521
70
272
126
595
695
409
500
104
173
938
426
49
468
670
386
252
949
430
764
188
823
358
985
15
389
962
603
964
872
712
469
594
528
72
455
371
831
153
981
167
917
829
896
181
865
429
383
115
448
266
304
372
64
385
636
743
864
341
425
686
176
465
828
376
231
922
809
145
174
477
221
248
527
190
172
157
264
997
585
701
936
562
668
356
476
590
260
879
808
559
281
390
105
890
161
696
263
555
103
909
582
970
818
897
768
335
672
937
382
441
301
751
988
413
640
77
800
96
397
374
58
623
420
523
516
139
302
786
370
525
140
854
67
911
578
671
98
151
749
433
630
651
348
286
339
305
154
811
773
874
75
602
718
563
580
745
452
610
522
957
868
253
947
711
867
124
810
247
797
336
821
57
456
175
461
338
561
806
982
491
7
679
753
346
789
474
794
597
707
94
795
74
846
393
785
144
863
959
125
676
320
444
798
579
834
288
673
850
319
287
135
583
907
916
900
825
722
991
921
895
165
223
203
588
878
204
705
919
778
973
931
754
930
411
310
463
759
731
802
520
479
364
628
933
552
565
635
746
284
601
257
189
313
340
657
282
715
30
330
268
621
974
873
841
494
750
677
518
560
608
195
833
213
415
770
355
271
617
403
549
627
85
483
538
446
914
278
298
478
438
510
871
728
730
117
669
901
791
558
836
792
60
293
752
536
164
225
664
958
642
584
496
942
690
838
394
781
503
227
634
926
742
943
963
515
599
43
436
736
