169
269
454
185
106
691
174
835
136
699
607
309
327
191
347
264
996
447
448
404
290
366
245
41
246
665
19
586
862
216
501
886
365
716
17
540
210
235
985
606
5
151
702
194
188
2
8
784
196
455
443
598
967
829
720
734
490
739
67
731
39
16
84
680
927
289
6
87
507
143
409
350
112
32
36
399
427
258
256
382
89
198
349
182
201
79
401
23
303
553
217
827
273
134
406
535
281
952
776
595
42
946
414
412
437
66
175
811
296
578
179
80
565
56
59
498
805
173
321
486
131
207
304
639
13
102
140
531
945
326
624
668
137
408
152
121
21
593
378
317
257
184
127
277
209
97
214
0
252
261
61
223
193
29
163
241
322
812
206
611
391
99
73
222
129
46
467
422
640
508
920
148
421
346
572
429
341
851
937
355
385
389
64
719
282
352
75
543
240
123
342
503
514
449
627
707
641
139
591
373
348
441
966
15
315
279
157
250
544
939
823
331
244
49
953
546
316
238
452
786
45
816
76
117
232
545
795
803
243
916
977
377
551
701
150
359
631
616
684
358
695
873
885
116
472
323
119
189
765
40
370
787
511
197
571
482
86
27
108
104
504
425
450
541
672
171
592
555
387
156
205
295
22
360
738
203
356
118
820
266
397
524
299
31
239
576
270
333
762
880
307
145
981
164
77
70
308
583
65
12
237
542
660
260
190
818
138
20
919
929
949
50
416
47
534
418
530
948
476
221
708
538
537
100
577
861
125
615
253
992
161
274
575
613
470
785
390
601
101
291
383
130
982
153
773
814
506
704
559
781
797
122
92
584
48
870
743
9
710
563
713
381
988
413
495
521
768
324
964
717
228
155
380
837
492
34
573
428
371
679
603
44
407
517
276
512
561
259
354
431
843
81
126
311
594
63
54
368
251
597
218
846
670
109
957
379
917
85
430
825
819
806
335
970
38
345
520
730
688
651
133
991
458
481
410
499
549
831
815
489
105
177
4
107
96
722
200
30
286
954
302
168
1
415
673
848
936
435
580
234
319
469
424
579
570
376
525
896
110
676
74
532
868
758
539
24
649
798
602
552
636
463
962
478
864
57
272
619
231
960
170
219
590
690
403
646
526
879
263
516
854
557
694
918
808
569
159
485
522
287
340
924
909
103
934
890
135
582
905
35
930
457
855
388
247
181
515
172
712
337
558
384
242
654
947
894
519
671
794
528
344
536
836
82
749
872
933
433
900
318
736
393
58
233
312
98
325
527
500
657
120
783
901
351
711
456
859
477
364
658
453
25
802
465
479
301
759
176
921
867
375
973
942
336
585
850
804
288
801
878
338
876
932
52
395
687
411
423
363
771
330
692
834
938
313
897
268
493
548
494
43
986
863
440
94
374
400
810
523
800
715
841
752
943
162
420
907
623
305
28
652
974
778
473
628
677
461
444
165
892
881
72
213
990
751
310
510
271
669
298
742
609
728
278
438
483
696
792
895
637
911
10
617
642
756
283
314
55
674
394
782
926
71
914
983
505
518
709
7
297
618
638
941
725
14
