683
423
205
54
387
188
829
143
606
702
87
880
289
455
851
607
827
391
447
100
68
347
611
421
191
378
250
699
687
553
531
404
508
92
816
591
216
200
97
457
136
427
333
269
139
194
886
64
909
41
454
12
519
47
982
198
544
668
206
175
615
412
862
307
173
376
665
207
19
179
716
4
15
322
380
680
872
773
350
359
25
812
63
534
501
327
89
9
957
281
20
526
443
77
408
238
52
572
73
163
567
27
309
131
535
456
560
472
130
59
315
83
373
710
717
55
363
8
5
86
616
762
152
593
641
106
797
537
317
282
31
266
233
148
232
210
479
290
366
739
795
45
293
121
442
235
137
881
719
530
848
672
576
734
546
169
303
512
270
756
639
1
988
245
805
244
506
222
246
482
199
134
273
323
540
243
381
765
401
36
732
96
688
545
316
603
129
625
776
140
272
75
144
108
355
46
239
504
93
321
67
960
259
23
6
29
295
929
573
406
223
127
49
495
133
252
110
201
157
429
164
820
522
80
767
17
358
720
365
2
493
42
3
91
50
53
277
970
102
937
397
203
286
437
264
104
167
787
348
528
189
948
154
478
470
953
818
341
738
586
296
413
21
458
992
613
565
894
190
228
258
403
40
260
125
640
240
803
751
112
481
128
221
962
113
7
996
257
84
885
835
981
595
485
38
711
425
159
44
181
793
120
237
542
337
105
122
10
743
331
219
704
590
217
834
713
209
945
320
98
707
170
123
441
548
251
171
952
541
978
977
823
551
808
234
13
927
577
598
354
342
490
287
905
619
242
424
299
302
918
253
254
897
624
638
601
71
426
48
575
119
411
814
521
24
308
318
0
568
138
794
57
758
939
854
967
263
483
946
523
117
486
467
656
695
890
399
594
81
496
920
536
35
379
339
34
660
416
596
802
831
276
262
94
151
936
344
557
231
539
870
578
155
916
843
147
701
509
582
489
305
385
279
580
360
784
126
39
382
371
30
196
274
28
836
694
346
393
383
99
353
118
56
156
742
101
172
584
388
559
107
837
503
351
430
288
449
783
465
58
864
850
749
389
861
726
409
516
124
476
806
65
654
678
146
461
116
525
670
964
635
648
520
798
150
324
609
330
153
491
469
588
310
422
558
592
623
838
846
985
527
571
18
466
132
646
158
377
314
218
291
22
824
631
444
947
825
74
859
879
415
676
785
949
930
543
810
673
569
448
786
896
873
583
524
498
177
736
933
868
924
651
304
477
336
599
85
313
431
943
368
561
193
325
452
468
370
319
453
617
921
752
174
874
433
658
800
974
103
722
671
428
494
507
410
863
811
928
804
414
500
311
731
340
679
446
552
900
390
621
759
135
585
597
907
180
463
538
867
878
579
301
602
549
686
984
677
973
338
666
791
801
356
877
712
474
214
364
563
715
725
657
690
420
229
628
634
554
876
895
518
268
72
997
176
735
440
760
954
435
714
652
145
675
162
778
958
165
807
841
225
213
755
271
195
298
782
438
186
510
931
278
407
82
728
473
792
871
