77
76
112
182
38
522
87
373
598
0
454
303
531
67
89
350
378
136
717
927
501
290
190
929
246
6
490
169
191
387
150
282
75
996
15
245
739
720
316
347
553
327
450
835
665
406
787
401
258
365
238
616
541
266
631
573
699
592
447
146
193
945
311
210
811
606
702
273
289
139
209
829
27
121
232
86
17
704
348
101
504
36
179
7
41
143
307
593
861
808
73
404
691
323
240
100
45
2
816
201
65
456
611
421
24
79
39
597
479
607
235
734
540
302
716
654
427
639
758
336
591
359
25
173
269
508
64
423
805
762
207
181
618
437
886
202
701
309
228
252
463
865
544
134
176
8
355
379
22
159
54
106
171
354
430
891
157
482
52
431
137
397
905
848
797
34
49
296
946
233
425
156
234
108
140
803
744
163
23
131
259
286
200
1
19
625
627
469
468
515
938
222
537
672
104
981
529
318
937
188
80
170
242
493
69
640
324
81
641
4
584
153
687
16
619
546
5
957
279
776
96
340
851
514
885
483
453
977
250
765
322
719
586
680
812
670
520
321
120
216
55
99
636
377
569
198
362
608
408
802
219
594
695
126
351
125
920
992
576
247
960
293
603
281
481
46
138
58
116
358
854
61
754
361
66
335
688
962
412
862
952
988
870
823
243
342
657
326
9
237
795
485
167
82
786
711
194
42
918
733
244
31
873
63
524
115
694
151
391
205
894
270
528
624
472
299
492
768
743
967
476
35
916
818
457
56
319
276
277
197
527
352
409
218
623
827
20
491
105
842
215
896
658
954
939
399
97
204
565
317
122
668
390
3
725
287
239
388
312
926
50
127
448
221
545
985
838
130
466
507
615
595
264
642
248
274
393
59
575
486
713
470
356
525
548
148
521
973
590
382
872
13
542
288
956
155
500
261
21
253
124
129
820
580
495
103
414
512
890
559
784
164
582
516
206
214
366
773
428
174
467
530
172
110
646
333
380
144
551
91
909
879
577
418
383
331
880
441
295
385
48
613
411
175
539
558
742
107
47
947
707
305
660
726
924
186
368
919
29
767
410
583
635
413
455
196
251
94
731
686
536
442
932
750
532
900
371
821
585
785
260
231
543
449
669
304
859
424
32
458
930
970
477
578
376
961
429
679
308
154
964
868
560
314
217
403
700
837
158
111
982
814
749
676
535
732
651
284
443
374
876
602
800
499
907
759
942
953
489
783
28
465
149
313
794
509
605
230
864
667
444
712
189
152
330
690
825
561
433
806
98
630
415
949
339
555
673
850
928
634
315
301
272
72
933
257
300
911
834
422
897
752
370
715
364
426
798
878
810
804
948
538
710
494
867
748
863
696
753
722
30
892
721
71
579
223
781
626
320
268
505
162
936
135
263
633
869
677
921
671
506
74
461
338
420
229
341
738
113
435
310
628
958
85
778
518
708
523
165
846
841
974
213
440
271
278
298
703
438
78
563
653
511
510
285
801
931
997
211
195
728
730
792
649
145
473
978
830
226
756
10
549
496
572
487
513
972
203
18
92
552
478
394
363
874
12
497
943
372
940
