296
456
454
86
73
507
482
245
136
289
246
606
359
672
521
311
232
250
641
290
501
590
327
408
350
87
447
143
307
269
607
376
540
992
173
945
279
401
535
89
960
719
127
699
508
273
716
81
422
191
244
151
531
671
427
378
179
322
404
720
240
466
258
787
129
347
190
2
235
862
259
776
886
120
829
47
41
39
137
196
321
201
924
97
781
8
108
146
65
112
64
391
169
591
573
665
257
228
21
119
639
399
286
157
811
205
517
957
530
820
805
231
139
431
7
6
282
24
498
156
174
524
5
226
67
542
704
207
323
117
49
874
619
668
19
717
425
481
739
595
233
340
164
82
171
406
242
44
684
163
168
504
107
366
309
128
918
424
144
962
598
365
326
217
569
237
121
54
758
333
467
506
397
252
658
200
182
134
317
50
150
188
80
629
75
216
449
291
946
541
0
100
380
209
382
331
52
545
303
470
605
640
84
198
79
186
577
615
651
568
185
428
308
927
104
560
553
23
234
276
526
193
387
236
141
616
843
429
458
593
106
241
905
691
426
827
31
823
1
465
661
920
929
816
337
736
414
59
713
490
592
803
130
680
22
544
45
848
437
110
548
210
295
771
738
94
42
551
368
63
373
861
472
982
528
977
734
412
835
277
371
611
555
762
203
61
390
885
381
714
288
842
868
711
558
859
631
973
687
613
34
479
92
238
38
896
148
374
525
565
344
765
624
695
441
125
851
512
421
586
180
315
638
17
773
430
206
897
261
894
126
325
358
752
537
916
138
68
181
523
702
709
688
455
967
854
603
255
36
155
654
29
783
469
266
264
814
981
91
489
351
594
305
996
942
77
219
153
76
335
15
756
617
701
543
393
532
733
379
642
46
336
953
863
743
316
797
154
28
13
970
559
707
58
281
183
495
239
167
105
635
299
284
503
263
865
895
539
194
964
140
354
880
683
872
9
753
243
221
302
93
342
786
35
400
27
485
812
513
32
377
4
253
808
939
124
483
676
496
937
270
176
493
815
123
361
582
802
818
20
274
567
696
423
478
578
388
634
694
936
177
287
952
411
272
809
348
618
529
443
985
679
784
988
804
395
864
101
319
172
473
301
318
947
260
770
800
132
99
703
349
596
461
576
477
175
660
370
116
749
491
152
486
572
627
131
247
268
25
389
418
48
561
725
170
111
385
583
751
921
16
768
394
890
794
448
722
356
750
534
476
536
546
549
398
597
933
457
949
806
72
118
652
873
878
801
500
88
656
870
657
355
930
159
731
14
793
330
310
56
628
444
907
850
283
413
948
320
580
415
499
324
85
909
686
710
972
879
420
630
313
312
453
98
214
463
693
798
579
846
900
759
383
96
223
135
552
12
339
810
785
516
673
202
926
931
113
30
103
451
338
494
974
677
867
433
585
588
165
834
841
712
675
293
602
876
715
71
162
778
557
571
735
314
435
825
229
410
18
74
122
213
791
666
610
954
649
795
109
271
782
298
195
438
510
669
788
584
468
877
278
728
518
792
984
363
509
911
386
563
943
3
515
625
452
372
514
115
